11001
11063
11068
11077
11090
11094
11108
11117
11124
11126
11129
11131
11139
11143
11146
11147
11157
11160
11163
11164
11170
11187
11188
11199
11207
11219
11233
11272
11275
11291
11293
11395
11397
11421
11424
11432
11433
11453
11461
11468
11469
11661
12001
12002
12008
12029
12031
12032
12072
12075
12564
13002
13005
13038
13048
13061
13064
13090
13091
13095
13105
13115
13128
13142
13148
13198
13201
13221
19010
19021
19022
19033
19034
19130
19180
19195
19196
19205
19208
19211
19218
19220
19229
19239
19240
19243
19246
19247
19255
19289
19300
19301
19302
19462
19463
77819
